1.003333333333333321e+01
6.883333333333332860e+00
7.883333333333332860e+00
7.133333333333333748e+00
8.000000000000000000e+00
6.916666666666666963e+00
7.416666666666666963e+00
6.566666666666666430e+00
8.216666666666666785e+00
7.099999999999999645e+00
7.700000000000000178e+00
7.066666666666666430e+00
8.099999999999999645e+00
6.483333333333333393e+00
9.533333333333333215e+00
6.666666666666666963e+00
7.950000000000000178e+00
6.733333333333333393e+00
7.799999999999999822e+00
7.299999999999999822e+00
7.733333333333333393e+00
8.133333333333332860e+00
9.066666666666666430e+00
8.466666666666666785e+00
9.349999999999999645e+00
6.700000000000000178e+00
8.699999999999999289e+00
6.716666666666666785e+00
8.650000000000000355e+00
6.933333333333333570e+00
8.150000000000000355e+00
6.816666666666666430e+00
8.916666666666666075e+00
6.983333333333333393e+00
8.716666666666666785e+00
7.349999999999999645e+00
9.016666666666667496e+00
7.450000000000000178e+00
8.283333333333333215e+00
7.116666666666666252e+00
8.816666666666666430e+00
7.216666666666666785e+00
8.933333333333333570e+00
7.366666666666666252e+00
8.366666666666667140e+00
7.416666666666666963e+00
8.716666666666666785e+00
6.700000000000000178e+00
9.866666666666667140e+00
7.783333333333333215e+00
8.616666666666667140e+00
6.849999999999999645e+00
8.583333333333333925e+00
8.333333333333333925e+00
8.666666666666666075e+00
8.366666666666667140e+00
9.800000000000000711e+00
6.799999999999999822e+00
8.449999999999999289e+00
6.733333333333333393e+00
9.383333333333332860e+00
6.533333333333333215e+00
8.733333333333332504e+00
7.433333333333333570e+00
8.699999999999999289e+00
7.166666666666666963e+00
8.416666666666666075e+00
7.133333333333333748e+00
1.193333333333333357e+01
7.783333333333333215e+00
8.250000000000000000e+00
7.000000000000000000e+00
8.716666666666666785e+00
8.483333333333332504e+00
9.283333333333333215e+00
8.566666666666666430e+00
