9.799999999999999822e-01
1.280000000000000027e+00
1.169999999999999929e+00
1.239999999999999991e+00
1.149999999999999911e+00
1.250000000000000000e+00
1.219999999999999973e+00
1.340000000000000080e+00
1.100000000000000089e+00
1.229999999999999982e+00
1.189999999999999947e+00
1.239999999999999991e+00
1.129999999999999893e+00
1.489999999999999991e+00
9.699999999999999734e-01
1.310000000000000053e+00
1.159999999999999920e+00
1.300000000000000044e+00
1.199999999999999956e+00
1.199999999999999956e+00
1.199999999999999956e+00
1.169999999999999929e+00
1.080000000000000071e+00
1.129999999999999893e+00
1.020000000000000018e+00
1.340000000000000080e+00
1.070000000000000062e+00
1.330000000000000071e+00
1.080000000000000071e+00
1.280000000000000027e+00
1.129999999999999893e+00
1.310000000000000053e+00
1.030000000000000027e+00
1.270000000000000018e+00
1.050000000000000044e+00
1.199999999999999956e+00
1.010000000000000009e+00
1.189999999999999947e+00
1.100000000000000089e+00
1.239999999999999991e+00
1.040000000000000036e+00
1.209999999999999964e+00
1.030000000000000027e+00
1.209999999999999964e+00
1.090000000000000080e+00
1.189999999999999947e+00
1.040000000000000036e+00
1.379999999999999893e+00
9.399999999999999467e-01
1.120000000000000107e+00
1.070000000000000062e+00
1.310000000000000053e+00
1.080000000000000071e+00
1.110000000000000098e+00
1.090000000000000080e+00
1.110000000000000098e+00
9.899999999999999911e-01
1.310000000000000053e+00
1.120000000000000107e+00
1.570000000000000062e+00
1.000000000000000000e+00
1.340000000000000080e+00
1.030000000000000027e+00
1.199999999999999956e+00
1.100000000000000089e+00
1.239999999999999991e+00
1.110000000000000098e+00
1.250000000000000000e+00
8.000000000000000444e-01
1.139999999999999902e+00
1.139999999999999902e+00
1.290000000000000036e+00
1.110000000000000098e+00
1.129999999999999893e+00
1.050000000000000044e+00
1.110000000000000098e+00
